1.42857
1.42857
1.42857
1.42857
1.42857
2.85714
2.85714
2.85714
2.85714
2.85714
4.28571
4.28571
4.28571
4.28571
4.28571
5.71429
5.71429
5.71429
5.71429
5.71429
7.14286
7.14286
7.14286
7.14286
7.14286
1.42857
1.42857
1.42857
1.42857
1.42857
2.85714
2.85714
2.85714
2.85714
2.85714
4.28571
4.28571
4.28571
4.28571
4.28571
5.71429
5.71429
5.71429
5.71429
5.71429
7.14286
7.14286
7.14286
7.14286
7.14286
1.42857
1.42857
1.42857
1.42857
1.42857
2.85714
2.85714
2.85714
2.85714
2.85714
4.28571
4.28571
4.28571
4.28571
4.28571
5.71429
5.71429
5.71429
5.71429
5.71429
7.14286
7.14286
7.14286
7.14286
7.14286
1.42857
1.42857
1.42857
1.42857
1.42857
2.85714
2.85714
2.85714
2.85714
2.85714
4.28571
4.28571
4.28571
4.28571
4.28571
5.71429
5.71429
5.71429
5.71429
5.71429
7.14286
7.14286
7.14286
7.14286
7.14286
