9.00574
0.680619
3.11974
8.11346
8.11581
8.11822
8.09951
4.86398
0.680619
0.680619
0.680619
1.42857
9.7953
1.42857
5.61194
9.79531
0.680619
5.61194
8.11822
1.42084
3.12418
5.59322
5.53973
3.08709
9.00358
2.1303
6.35508
2.1303
2.1303
5.34311
0.30748
0.266414
7.036
4.27496
2.85714
2.83887
9.41607
8.67395
8.67459
0.307845
1.15974
1.15726
2.1303
4.53164
5.34134
0.303883
6.35508
7.04051
2.85543
6.35504
7.68046
8.46893
4.26724
0.828389
6.83396
7.6804
2.65085
0.828339
1.79895
8.46908
9.01448
6.83343
4.28571
0.828389
5.94089
4.28571
3.57998
5.94089
2.56716
4.27969
4.28571
7.68051
2.65084
1.71923
3.65774
7.34915
3.16579
1.53084
9.17161
0.944419
8.20105
5.02782
5.71429
9.89763
9.17161
9.17161
4.04665
7.03764
9.89401
1.53092
7.34915
7.34915
8.51826
9.86857
5.70875
9.89763
9.88638
1.53061
9.8251
9.17209
