5.61106
5.61194
9.79447
9.79152
3.97516
4.53263
5.32323
8.67459
1.15974
6.35508
8.46908
1.79895
4.28563
1.79895
3.57998
9.89763
2.31949
9.17161
9.17161
4.05766
1.32461
4.62114
1.26062
0.509283
3.64336
8.11822
3.97627
7.26634
0.680619
1.42857
9.44319
6.35065
2.1283
9.51532
6.35508
5.92355
2.55831
3.57977
0.828389
0.102345
3.16579
5.68977
4.05911
1.52883
7.34483
6.47564
5.46737
6.47935
0.555164
5.46736
5.61187
3.12433
9.78518
9.00594
4.86369
7.03998
5.34311
7.03983
0.307845
4.53263
9.66612
7.69746
5.94089
1.79895
0.102345
4.05911
8.20106
9.17161
1.52315
7.34505
6.47935
0.556357
4.65689
0.49989
7.67478
9.79531
9.79531
7.26631
1.42857
1.63253
8.67451
6.35315
0.307845
2.85714
7.02383
3.55071
3.5628
1.50111
3.57814
0.102267
5.02966
7.34915
1.29657
4.04304
7.33618
8.84025
0.541149
1.32539
2.94496
7.14619
