1.42857
2.85714
4.28571
5.71429
7.14286
1.42857
2.85714
4.28571
5.71429
7.14286
1.42857
2.85714
4.28571
5.71429
7.14286
1.42857
2.85714
4.28571
5.71429
7.14286
1.42857
2.85714
4.28571
5.71429
7.14286
1.42857
2.85714
4.28571
5.71429
7.14286
1.42857
2.85714
4.28571
5.71429
7.14286
1.42857
2.85714
4.28571
5.71429
7.14286
1.42857
2.85714
4.28571
5.71429
7.14286
1.42857
2.85714
4.28571
5.71429
7.14286
1.42857
2.85714
4.28571
5.71429
7.14286
1.42857
2.85714
4.28571
5.71429
7.14286
1.42857
2.85714
4.28571
5.71429
7.14286
1.42857
2.85714
4.28571
5.71429
7.14286
1.42857
2.85714
4.28571
5.71429
7.14286
1.42857
2.85714
4.28571
5.71429
7.14286
1.42857
2.85714
4.28571
5.71429
7.14286
1.42857
2.85714
4.28571
5.71429
7.14286
1.42857
2.85714
4.28571
5.71429
7.14286
1.42857
2.85714
4.28571
5.71429
7.14286
