0.680419
0.307845
6.83122
1.5174
7.13357
7.26634
1.15337
0.102345
8.20106
7.14286
9.00594
2.1303
7.68051
5.02966
3.64491
7.26634
7.04051
3.57998
3.16579
4.64999
5.61124
0.298881
0.824773
5.6437
6.4781
1.42857
0.307845
0.102345
4.05911
7.14286
9.79501
1.15715
2.65048
8.11414
6.47935
3.09097
6.99245
3.5791
9.17161
8.84025
4.86398
6.351
6.83422
9.89732
2.95945
3.12118
2.1303
0.102345
1.52921
0.556353
0.680604
2.13014
1.75648
5.71429
8.84013
9.79514
4.53263
1.79822
7.34915
4.65689
0
2.18724
3.57998
3.16579
1.32542
9.00594
6.35508
0.102345
5.70864
5.46535
1.42857
1.15974
0.10229
2.30788
2.95984
0.680619
8.67459
3.57988
2.31949
5.10666
5.61194
5.34185
0.102345
8.20106
9.68621
9.70504
6.34304
9.52906
5.7136
8.84025
7.26634
4.53262
0.687945
8.18719
4.65566
4.86398
7.03839
4.28473
8.14593
2.99717
