-20.7097
-12.4258
12.4258
-4.14195
0
-4.14195
8.28389
-4.14195
12.4258
0
-12.4258
-20.7097
-16.5678
-20.7097
16.5678
-4.14195
4.14195
-20.7097
-12.4258
-12.4258
4.14195
-12.4258
16.5678
0
-20.7097
0
-12.4258
-4.14195
8.28389
0
8.28389
8.28389
8.28389
0
-20.7097
-8.28389
4.14195
-20.7097
-16.5678
-8.28389
-16.5678
-16.5678
12.4258
4.14195
-4.14195
-8.28389
-20.7097
-4.14195
-4.14195
-16.5678
-20.7097
-20.7097
-12.4258
0
-8.28389
8.28389
-8.28389
-12.4258
-8.28389
-12.4258
-16.5678
-20.7097
-20.7097
-12.4258
4.14195
-12.4258
-16.5678
-4.14195
0
8.28389
0
8.28389
-4.14195
16.5678
-4.14195
-20.7097
-4.14195
-20.7097
16.5678
-4.14195
4.14195
12.4258
-4.14195
12.4258
12.4258
8.28389
-16.5678
0
0
-8.28389
-4.14195
-8.28389
12.4258
12.4258
-12.4258
-16.5678
4.14195
0
12.4258
-4.14195
