-20.7124
-12.4258
12.4158
-4.19196
-0.0163696
-4.14195
8.23834
-4.14195
12.4258
0
-12.4258
-20.7097
-16.5678
-20.7097
16.5678
-4.14195
4.14195
-20.7097
-12.4259
-12.4419
4.14049
-12.4596
16.4955
-0.171071
-20.7171
0
-12.4258
-4.14195
8.28389
0
8.28342
8.26528
8.28275
115.916
-20.7097
-8.4547
4.06305
-20.7126
-16.5678
-8.28389
-16.5678
-16.5864
12.4258
4.14152
-4.14216
-8.31235
-20.7097
-4.14195
-4.14482
-16.5678
-20.7099
-20.7101
-12.5757
0
-8.28471
8.28352
-8.28389
-12.4281
-8.28389
-12.4258
1002.66
-20.5599
-20.7097
-12.4258
4.14195
-12.4258
-16.5678
-4.14195
-0.00594891
8.28064
0
8.28389
-4.14204
16.4849
-4.1423
-20.7097
-4.14195
-20.7112
16.5678
1.41546
4.14193
12.4229
-4.14195
12.4258
12.4089
8.14075
-16.6225
79.4088
-0.00117886
-8.28389
-4.14195
-8.28434
17.1986
12.4048
-12.4287
-16.5679
4.13728
-0.00105154
12.3423
-4.10271
