4.13357
4.14195
8.28067
8.27045
12.4224
-8.28389
12.3796
-4.14195
8.28389
-16.5678
4.14195
-12.4258
-0.000179161
-12.4258
-20.7097
4.14195
16.5678
-16.5678
-16.568
8.28094
4.1394
-12.5509
4.06652
-16.6755
16.5607
16.5678
12.4258
-4.14195
-20.7097
0
16.567
-16.588
-20.715
118.941
-16.5678
-8.36649
8.25262
-20.7104
16.5678
-4.14195
-12.4258
-0.0500721
8.28389
-4.14455
-8.30267
-20.7615
8.28389
-20.7097
-16.5706
8.28388
4.14141
-8.28397
8.24483
-12.4258
-16.5687
4.14086
12.4258
4.13989
-12.4258
-8.28389
322.204
-16.4467
-8.28389
-12.4258
-4.14195
8.28389
12.4258
-16.5678
-4.15018
-8.29713
-20.7097
-16.5678
-12.4259
-16.6865
-19.3769
8.28389
8.28389
-4.14228
0
163.253
-4.1422
-16.5766
-12.4258
0
4.09733
-20.8041
-20.7651
75.0554
-20.7157
-4.14203
-20.7097
-8.28399
16.2071
8.25109
-8.32442
-8.284
-16.5999
4.14184
-4.15732
0.00306263
